objname,objid,ramean,decmean,gmeanpsfmag,gmeanpsfmagerr,rmeanpsfmag,rmeanpsfmagerr,imeanpsfmag,imeanpsfmagerr,zmeanpsfmag,zmeanpsfmagerr,ymeanpsfmag,ymeanpsfmagerr
PSO J044551.549+120243.692,122450714647925046,71.46478898,12.04547018,21.54829978942871,0.1525149941444397,-999.0,-999.0,-999.0,-999.0,-999.0,-999.0,-999.0,-999.0
PSO J044552.932+120240.585,122450714705604008,71.47055332,12.04460702,-999.0,-999.0,-999.0,-999.0,21.800899505615234,0.2799839973449707,-999.0,-999.0,-999.0,-999.0
PSO J044552.856+120253.101,122450714702428190,71.47025255,12.04806965,-999.0,-999.0,-999.0,-999.0,21.752399444580078,0.19268900156021118,-999.0,-999.0,-999.0,-999.0
PSO J044552.201+120248.205,122450714675076557,71.46752425,12.04671069,-999.0,-999.0,-999.0,-999.0,21.843799591064453,0.22164799273014069,-999.0,-999.0,-999.0,-999.0
PSO J044552.239+120245.009,122450714676695481,71.467666,12.04583589,21.70949935913086,0.16766400635242462,-999.0,-999.0,-999.0,-999.0,-999.0,-999.0,-999.0,-999.0
PSO J044552.638+120249.750,122450714693347065,71.4693469,12.04713884,-999.0,-999.0,-999.0,-999.0,-999.0,-999.0,20.83970069885254,0.16744600236415863,-999.0,-999.0
PSO J044551.759+120243.053,122450714656684829,71.46566574,12.04529267,21.125699996948242,0.10392399877309799,-999.0,-999.0,-999.0,-999.0,-999.0,-999.0,-999.0,-999.0
PSO J044553.476+120244.244,122450714727715179,71.47281781,12.04562351,-999.0,-999.0,-999.0,-999.0,-999.0,-999.0,-999.0,-999.0,20.155399322509766,0.010131999850273132
PSO J044553.782+120247.077,122450714741106190,71.47411025,12.04639814,-999.0,-999.0,-999.0,-999.0,-999.0,-999.0,17.41189956665039,0.012315000407397747,-999.0,-999.0
PSO J044553.650+120242.204,122450714735524518,71.47355676,12.04502658,-999.0,-999.0,21.73150062561035,0.0007389999809674919,21.359399795532227,0.05865500122308731,-999.0,-999.0,-999.0,-999.0
PSO J044554.656+120239.719,122450714777603743,71.47775112,12.04434036,21.558000564575195,0.00989999994635582,20.761600494384766,0.03732899948954582,20.480100631713867,0.034790001809597015,20.274900436401367,0.04088500142097473,20.104999542236328,0.16468900442123413
PSO J044554.306+120241.817,122450714762804459,71.47629942,12.04493435,-999.0,-999.0,-999.0,-999.0,-999.0,-999.0,17.06800079345703,0.00786499958485365,-999.0,-999.0
PSO J044553.234+120241.910,122450714718154452,71.47180994,12.04497515,-999.0,-999.0,22.268800735473633,0.24732500314712524,-999.0,-999.0,-999.0,-999.0,-999.0,-999.0
PSO J044553.324+120251.025,122450714721817573,71.47218631,12.04750714,-999.0,-999.0,-999.0,-999.0,-999.0,-999.0,-999.0,-999.0,20.54829978942871,0.2798269987106323
PSO J044553.485+120253.463,122450714728848355,71.47288343,12.04819932,-999.0,-999.0,-999.0,-999.0,-999.0,-999.0,12.908699989318848,0.025407999753952026,-999.0,-999.0
PSO J044551.250+120236.569,122450714635432679,71.463563,12.04346908,16.996000289916992,0.005044000223278999,16.304800033569336,0.0049390001222491264,15.96150016784668,0.0025400000158697367,15.7878999710083,0.0019650000613182783,15.680000305175781,0.004387999884784222
PSO J044551.359+120216.466,122440714640196029,71.46399616,12.03790736,-999.0,-999.0,-999.0,-999.0,-999.0,-999.0,15.381999969482422,0.352059006690979,-999.0,-999.0
PSO J044551.408+120217.550,122440714641976401,71.46420111,12.03820861,-999.0,-999.0,-999.0,-999.0,-999.0,-999.0,-999.0,-999.0,20.551000595092773,0.3298499882221222
PSO J044551.187+120214.480,122440714632885312,71.46327969,12.0373557,-999.0,-999.0,-999.0,-999.0,22.09079933166504,0.3021399974822998,-999.0,-999.0,-999.0,-999.0
PSO J044551.032+120213.974,122440714626345147,71.46263465,12.03721503,-999.0,-999.0,-999.0,-999.0,-999.0,-999.0,-999.0,-999.0,-999.0,-999.0
PSO J044552.976+120239.690,122450714707433713,71.470736,12.04435854,-999.0,-999.0,-999.0,-999.0,21.55739974975586,0.26441699266433716,-999.0,-999.0,-999.0,-999.0
PSO J044552.902+120236.982,122450714704242888,71.47042854,12.04360629,-999.0,-999.0,-999.0,-999.0,-999.0,-999.0,-999.0,-999.0,20.089599609375,0.19152399897575378
PSO J044552.723+120239.814,122450714696863752,71.46967998,12.044393,-999.0,-999.0,-999.0,-999.0,21.324800491333008,0.21437199413776398,-999.0,-999.0,-999.0,-999.0
PSO J044552.608+120238.773,122450714692033523,71.46920352,12.04410379,-999.0,-999.0,22.37190055847168,0.2408140003681183,21.396299362182617,0.26708200573921204,-999.0,-999.0,-999.0,-999.0
PSO J044552.701+120232.735,122450714695841425,71.46960586,12.04241051,21.980899810791016,0.17601700127124786,-999.0,-999.0,-999.0,-999.0,-999.0,-999.0,-999.0,-999.0
PSO J044551.805+120235.701,122450714658622380,71.46585606,12.04325031,-999.0,-999.0,-999.0,-999.0,21.784500122070312,0.2674790024757385,-999.0,-999.0,-999.0,-999.0
PSO J044551.945+120222.083,122440714664307862,71.46646108,12.03944659,-999.0,-999.0,-999.0,-999.0,-999.0,-999.0,-999.0,-999.0,19.726900100708008,0.1867399960756302
PSO J044552.129+120223.402,122440714672118306,71.46722767,12.03982011,-999.0,-999.0,-999.0,-999.0,-999.0,-999.0,-999.0,-999.0,20.144100189208984,0.2784619927406311
PSO J044552.146+120227.163,122440714672729610,71.46727606,12.04087882,-999.0,-999.0,-999.0,-999.0,-999.0,-999.0,-999.0,-999.0,20.288700103759766,0.2311830073595047
PSO J044552.440+120230.728,122450714684960800,71.46850067,12.04186907,-999.0,-999.0,-999.0,-999.0,-999.0,-999.0,-999.0,-999.0,20.41510009765625,0.2665649950504303
PSO J044552.432+120238.320,122450714684773253,71.46847061,12.04397786,-999.0,-999.0,-999.0,-999.0,21.863800048828125,0.26688799262046814,-999.0,-999.0,-999.0,-999.0
PSO J044551.844+120223.274,122440714660138311,71.46601699,12.03979856,-999.0,-999.0,-999.0,-999.0,-999.0,-999.0,-999.0,-999.0,20.189599990844727,0.22153900563716888
PSO J044551.434+120233.997,122450714643171812,71.46431107,12.04277717,-999.0,-999.0,-999.0,-999.0,21.196399688720703,0.1575009971857071,-999.0,-999.0,-999.0,-999.0
PSO J044551.766+120234.953,122450714654871945,71.46571053,12.04302939,20.26020050048828,0.05926499888300896,22.404800415039062,0.23406900465488434,-999.0,-999.0,-999.0,-999.0,-999.0,-999.0
PSO J044551.559+120233.508,122450714648391652,71.4648321,12.04264139,-999.0,-999.0,-999.0,-999.0,21.258800506591797,0.20214200019836426,-999.0,-999.0,-999.0,-999.0
PSO J044551.031+120226.526,122440714625519127,71.46263219,12.04070169,21.625900268554688,0.2291010022163391,-999.0,-999.0,-999.0,-999.0,-999.0,-999.0,-999.0,-999.0
PSO J044551.676+120228.619,122440714653019961,71.46535622,12.04127727,21.223400115966797,0.05456500127911568,20.060699462890625,0.016096999868750572,19.516300201416016,0.019208999350667,19.1825008392334,0.03214700147509575,19.051300048828125,0.024676000699400902
PSO J044553.006+120156.917,122430714708609468,71.47087922,12.03246067,21.858800888061523,0.1543550044298172,-999.0,-999.0,-999.0,-999.0,-999.0,-999.0,-999.0,-999.0
PSO J044553.740+120230.709,122450714739200738,71.47393395,12.04185393,-999.0,-999.0,-999.0,-999.0,-999.0,-999.0,21.36440086364746,0.17997799813747406,-999.0,-999.0
PSO J044553.737+120208.420,122440714739053300,71.47392497,12.03565601,21.938100814819336,0.16545100510120392,-999.0,-999.0,-999.0,-999.0,-999.0,-999.0,-999.0,-999.0
PSO J044554.749+120220.462,122440714781167329,71.47812415,12.03901734,-999.0,-999.0,-999.0,-999.0,21.734899520874023,0.30258700251579285,-999.0,-999.0,-999.0,-999.0
PSO J044554.759+120223.085,122440714781608192,71.47818585,12.03973199,-999.0,-999.0,-999.0,-999.0,18.272199630737305,0.012446999549865723,-999.0,-999.0,-999.0,-999.0
PSO J044554.340+120218.007,122440714764196503,71.47643845,12.03832209,-999.0,-999.0,21.98780059814453,0.08009199798107147,21.13640022277832,0.036538999527692795,20.433000564575195,0.028380999341607094,19.965999603271484,0.17014600336551666
PSO J044554.547+120233.414,122450714772851625,71.47727941,12.0426151,-999.0,-999.0,-999.0,-999.0,-999.0,-999.0,-999.0,-999.0,20.109699249267578,0.3377940058708191
PSO J044554.495+120226.274,122440714770839297,71.47708302,12.0406178,-999.0,-999.0,-999.0,-999.0,-999.0,-999.0,20.48390007019043,0.08554600179195404,-999.0,-999.0
PSO J044554.611+120225.882,122440714775429121,71.4775686,12.04050841,-999.0,-999.0,-999.0,-999.0,21.290800094604492,0.16783100366592407,-999.0,-999.0,-999.0,-999.0
PSO J044554.180+120228.070,122440714757639857,71.47577192,12.0411144,22.018999099731445,0.1772570013999939,-999.0,-999.0,-999.0,-999.0,-999.0,-999.0,-999.0,-999.0
PSO J044554.200+120224.952,122440714758288803,71.47585584,12.04024957,-999.0,-999.0,-999.0,-999.0,-999.0,-999.0,-999.0,-999.0,20.252899169921875,0.1880279928445816
PSO J044554.184+120220.834,122440714757717444,71.47578898,12.03910433,21.92569923400879,0.16208399832248688,-999.0,-999.0,-999.0,-999.0,-999.0,-999.0,-999.0,-999.0
PSO J044553.377+120213.573,122440714723995017,71.47242746,12.03708828,18.387300491333008,0.01117200031876564,-999.0,-999.0,-999.0,-999.0,-999.0,-999.0,-999.0,-999.0
PSO J044553.139+120208.396,122440714714383329,71.47143249,12.03564399,20.370100021362305,0.01927899941802025,19.376100540161133,0.015595000237226486,18.872800827026367,0.011087000370025635,18.627700805664062,0.011184999719262123,18.388399124145508,0.020572999492287636
PSO J044553.155+120210.626,122440714714824023,71.47148129,12.0362852,-999.0,-999.0,20.755199432373047,0.1415099948644638,-999.0,-999.0,-999.0,-999.0,-999.0,-999.0
PSO J044552.909+120200.781,122440714704620745,71.47045429,12.03355049,-999.0,-999.0,-999.0,-999.0,21.813899993896484,0.22255200147628784,-999.0,-999.0,-999.0,-999.0
PSO J044552.934+120202.030,122440714704761151,71.4705847,12.03387586,-999.0,-999.0,22.08679962158203,0.11470700055360794,21.070100784301758,0.06917700171470642,20.649200439453125,0.28098198771476746,-999.0,-999.0
PSO J044552.229+120221.824,122440714677427880,71.46764229,12.03938177,-999.0,-999.0,-999.0,-999.0,18.150800704956055,0.008236999623477459,-999.0,-999.0,-999.0,-999.0
PSO J044552.239+120221.047,122440714676607529,71.46768411,12.03916674,-999.0,-999.0,-999.0,-999.0,-999.0,-999.0,19.97130012512207,0.0922119989991188,-999.0,-999.0
PSO J044552.374+120221.289,122440714682267607,71.46824872,12.03923294,-999.0,-999.0,-999.0,-999.0,-999.0,-999.0,19.815099716186523,0.08783099800348282,-999.0,-999.0
PSO J044553.189+120224.797,122440714716298754,71.47162422,12.04022162,-999.0,-999.0,-999.0,-999.0,-999.0,-999.0,-999.0,-999.0,20.067399978637695,0.3544749915599823
PSO J044552.772+120220.429,122440714698827303,71.46990621,12.03899553,-999.0,-999.0,22.73870086669922,0.3016740083694458,-999.0,-999.0,-999.0,-999.0,-999.0,-999.0
PSO J044552.749+120223.058,122440714698078102,71.46981179,12.03972268,-999.0,-999.0,20.920499801635742,0.0316849984228611,19.623300552368164,0.011466000229120255,19.069000244140625,0.014228999614715576,18.772199630737305,0.026674000546336174
PSO J044552.789+120221.878,122440714699597790,71.46997516,12.03939553,21.72949981689453,0.16764700412750244,-999.0,-999.0,-999.0,-999.0,-999.0,-999.0,-999.0,-999.0
PSO J044553.030+120226.644,122440714709689382,71.47097881,12.04072265,-999.0,-999.0,-999.0,-999.0,-999.0,-999.0,20.705900192260742,0.1883630007505417,-999.0,-999.0
PSO J044552.937+120226.962,122440714705779489,71.47059003,12.04080689,22.075599670410156,0.19009099900722504,-999.0,-999.0,-999.0,-999.0,-999.0,-999.0,-999.0,-999.0
PSO J044552.107+120159.580,122440714671120344,71.46713267,12.03320427,17.925399780273438,0.006682000122964382,-999.0,-999.0,-999.0,-999.0,-999.0,-999.0,-999.0,-999.0
PSO J044551.716+120215.571,122440714654885681,71.46550553,12.037646,-999.0,-999.0,-999.0,-999.0,21.87579917907715,0.2282170057296753,-999.0,-999.0,-999.0,-999.0
PSO J044553.165+120215.577,122440714715305680,71.47154448,12.03764713,-999.0,-999.0,-999.0,-999.0,21.446399688720703,0.15252600610256195,-999.0,-999.0,-999.0,-999.0
PSO J044552.220+120210.874,122440714675894114,71.46760214,12.03634,-999.0,-999.0,-999.0,-999.0,21.249799728393555,0.16980400681495667,-999.0,-999.0,-999.0,-999.0
PSO J044552.425+120209.216,122440714684473557,71.4684388,12.03589356,-999.0,-999.0,-999.0,-999.0,21.92959976196289,0.2880130112171173,-999.0,-999.0,-999.0,-999.0
